('WarrenCountyOhio.slsgrid.asp.html', 'WarrenCountyoutput.txt')
Using input:WarrenCountyOhio.slsgrid.asp.html and output:WarrenCountyoutput.txt
155
22
12
44
102
124
173
160
77
81
154
22
41
22
23
41
44
28
71
216
20
14
44
14
35
191
41
20
34
131
50
20
20
18
146
20
27
18
42
41
120
20
171
112
16
136
30
62
113
20
158
28
161
75
28
150
116
121
41
151
139
160
114
19
55
121
116
100
24
21
194
44
236
44
151
33
28
20
18
78
44
25
114
172
14
148
30
12
28
193
149
44
194
54
120
18
25
243
21
82
18
41
18
37
148
25
25
28
124
89
20
20
27
148
160
28
149
117
16
28
52
120
21
44
44
194
182
114
20
153
64
151
18
28
22
177
41
23
62
41
75
75
52
16
159
44
46
22
22
18
55
170
28
42
186
15
71
22
168
30
121
25
152
34
114
20
28
120
15
73
91
255
69
19
255
20
77
79
18
50
17
18
41
122
193
74
41
74
55
115
18
22
120
67
22
30
18
18
30
115
72
18
10
13
36
101
178
22
22
26
18
44
57
28
28
114
31
18
31
132
55
30
71
66
142
28
71
162
22
118
198
115
20
57
41
157
20
144
60
53
18
53
23
55
88
28
114
71
22
20
18
38
113
23
18
18
65
15
0
