('WarrenCountyOhio.slsgrid.asp.html', 'WarrenCountyoutput.txt')
Using input:WarrenCountyOhio.slsgrid.asp.html and output:WarrenCountyoutput.txt
17
19
31
34
22
23
23
23
25
24
25
25
22
20
21
22
26
21
23
49
62
24
20
26
160
24
25
22
46
23
21
26
23
21
43
48
23
27
25
27
29
22
49
24
23
20
26
29
21
23
37
22
22
18
43
25
24
23
22
22
62
45
23
23
22
20
20
20
18
25
22
19
72
19
22
70
23
35
20
21
25
27
22
19
23
25
22
21
21
41
46
26
43
19
24
24
21
22
22
37
72
23
35
23
57
24
21
21
18
21
22
26
32
66
49
25
25
27
22
24
19
24
24
22
19
40
22
22
21
39
21
21
22
22
24
18
23
25
21
23
21
21
26
21
27
28
23
24
23
31
26
18
21
28
17
19
21
24
25
23
23
26
24
26
47
67
24
22
20
37
22
51
17
21
20
21
22
21
21
25
27
28
25
20
42
24
18
66
25
28
19
27
24
20
28
25
30
53
70
23
25
24
22
24
20
27
23
39
26
37
53
238
24
28
23
47
24
39
19
23
22
23
31
25
23
39
50
22
20
26
25
46
25
23
22
44
27
22
19
46
26
117
20
24
24
21
37
39
20
22
17
28
22
29
21
20
19
21
